
m       r       theta         am            ||  m       r       theta               am
=============================================================================================
                                            ||
11      1       2.87
9       1       3.48   *     51.8328        ||  1      27       56.52 *           51.8328 
6       1       5.08   *     35.4831        ||  1      18       54.91 *           35.4831 
5       1       6.01         30.0359        ||  1      15       53.99             30.0359
4       1       7.34   *     24.5915        ||  1      12       52.66 *           24.5915 
3       1       9.43   *     19.1523        ||  1       9       50.56 *           19.1523 
2       1       13.17  *     13.7245        ||  1       6       46.82 *           13.7245
1       1       21.78  *     8.33047        ||  1       3       38.21 *           8.33047 

2       3       27.79        11.3525        ||  1       2       32.20             11.3525
9       2       6.61         54.6265        ||  2      27       53.39             54.6265 
7       3       11.63        26.9018        ||  1       7       48.36             26.9018
5       3       15.17  *     20.6468        ||  1       5       44.82 *           20.6468 
3       2       16.42        22.0403        ||  2       9       43.57             22.0403
7       5       17.28        52.4035        ||  5       21      42.72             52.4035
4       3       17.89        17.5307        ||  1       4       42.10             17.5307 
3       4       26.01        27.9855        ||  4       9       33.99             27.9855 
2       3       27.79        11.3525        ||  1       2       32.20             11.3525
3       5       29.40        31.0103        ||  5       9       30.59             31.0103
                                            ||  3       7       34.54             37.1217 
                                            ||  1       7       48.36             26.9018
                                            ||  2       5       35.56             25.7725
